98712
32386098
20009894
2926342
33100354
26542996
70249584
21934714
61360082
33170982
2299736
10249664
2489436
21672396
5680174
12569020
11395312
14144
2156
1392
2296
2460
1718
1570
1650
2230
1618
1878
1938
2146
1894
2238
1480
1592
2100
88224
2286
2044
2016
2386
2184
1612
1556
2354
2806
2952
1564
2286
2042
2358
2094
2082
2004
2380
2046
1988
2002
2350
2078
2082
1994
2342
2056
1978
1350
1362
1594
1330
2108
2320
2020
1580
2112
2138
2026
2388
1408
1358
1288
1262
1336
1320
2432
1338
2194
1426
2056
1344
1586
2100
2090
2084
2374
2010
2002
2038
1314
1594
2128
2096
2058
1344
1554
2098
1986
2286
2368
2088
1324
1366
1284
2100
1566
2106
1982
2026
1334
1580
2056
2114
2062
2374
2066
2018
2024
1382
1690
2100
2132
2096
2420
2054
1320
1316
2010
2398
1332
1320
1296
1304
3076
2352
1468
1304
1302
2034
2436
1280
1310
2104
1366
1296
1408
1602
2078
2022
1316
1302
1342
2606
2130
2030
1966
1618
2108
2106
2074
1346
1578
2108
2070
1368
1412
1364
1584
2118
2074
1330
1308
1326
2388
2014
2020
1432
1320
1580
2132
2130
2080
2404
1474
1296
2002
2038
1326
1576
2070
2102
2068
2360
1988
1992
2072
2368
1334
1326
1312
2094
2226
1564
1304
1316
2758
1322
1274
1582
2082
2112
2032
2352
2100
1338
1346
1994
2452
2068
2030
2012
2376
2074
1350
1280
1284
1314
2376
1340
2056
2044
2042
1586
2864
2076
2082
2350
2012
2000
1480
1304
1600
2112
2112
2124
2398
2032
2118
1990
2450
2096
2062
2068
2400
1998
2002
2012
2388
2272
1474
1278
2120
1300
2362
2022
2048
2326
1596
2106
2118
2112
2396
1980
2094
2014
2376
1338
2156
1384
2096
2384
1294
1358
1380
14002
8642
17608
6716
7614
9620
13418
19340
8206
2206
2822
1798
3030
2770
2550
2938
2230
2144
1750
2186
2094
1526
2158
2518
2110
28002
3154
3294
2246
2994
2166
2562
1654
2918
3082
2250
1530
1510
1518
1480
2542
2202
2836
1654
2574
2282
2188
1620
2150
2724
2876
2838
2662
2148
2088
1570
1534
1804
2898
2806
1496
1814
2120
1614
2138
3218
2104
2856
3196
2256
1436
2218
2214
1824
2950
1592
1522
1482
1434
1736
1536
2220
1486
2132
2420
2844
2808
2422
2166
2250
2192
3118
2804
1540
1492
1448
1784
3162
2700
1518
1806
2324
1464
2260
2174
2544
1540
2100
2682
2528
2294
2162
2264
2532
2166
1456
1500
1400
1262
1762
2296
2250
1550
1474
3194
3448
3158
2262
2914
3112
2262
2224
2182
1636
1630
1744
2186
2214
2300
2486
2192
2900
2490
1528
2834
2176
2516
2904
2150
3164
1618
1584
2160
2182
1510
1714
2188
2204
1530
1526
1372
1756
2988
1526
2218
2552
2404
2796
1544
1480
1822
1430
1482
1468
3764
2436
2784
2188
1700
1706
3014
2226
3220
2822
2206
1700
2474
2270
1510
2126
3242
2162
2198
1530
2180
1736
2330
1438
1540
3044
2546
1576
2232
2150
1532
1838
1634
2254
2350
2246
1690
1512
2338
2920
2424
2244
1482
2232
2044
2650
2206
1446
1390
2176
1776
2282
2238
1462
1496
2422
2776
2770
2572
2302
2116
2192
2558
2166
1550
1588
2158
2412
2194
1496
2162
2086
2544
2192
2280
2004
2534
2282
2168
3048
2336
2844
115794
21372
3272
2956
1554
1604
1832
2156
3616
2594
2322
2802
3236
1480
1514
1472
2234
2168
1750
1400
2280
2964
2462
2316
2202
1506
1450
2404
2192
2204
2228
1366
1754
1486
2124
2100
3300
2112
2442
2100
2706
2240
2130
2080
2520
2218
2172
2780
2544
3194
2204
2504
2120
2800
2230
2446
2068
2220
2242
2506
2120
2874
2492
3026
2966
2518
2164
1546
1510
2916
3186
2356
1552
3124
2330
1528
2764
1502
2538
1496
2172
2110
2544
2172
2844
3164
2304
2232
3846
2220
1582
1532
1988
2542
1540
1488
1466
1488
2262
2514
2868
2796
2432
2186
2114
2336
1562
1762
2854
2256
3184
1624
2174
2232
2250
2482
1528
1430
2088
2006
1726
2250
2248
2804
1728
3014
2082
2042
2478
2950
2800
2560
2126
2254
1530
1540
1652
1496
2304
2188
3076
2256
2854
3120
2196
2240
2050
2426
2174
2812
3220
2348
1588
1624
2168
2550
2162
2156
2836
2522
2942
2910
2560
3074
2156
3224
2308
2620
2542
2208
2884
1608
1504
1740
2890
2818
2448
1500
2892
1536
1524
2358
2770
2234
3272
2968
2208
1536
2506
2104
2804
1518
2458
2174
2236
2914
1826
2358
2230
2830
3282
2284
1642
1620
1500
1664
3034
2206
2126
1834
2318
3690
2364
2780
2888
2508
2986
2212
2114
2462
2212
2124
1450
1394
1746
1486
3222
1592
1596
1488
1804
2894
2818
2592
2218
2020
1564
2142
2592
2858
2206
2600
3146
2064
2156
2624
2240
2168
1514
2528
1588
2856
2838
1784
2930
2258
1544
1532
2486
2852
2342
1588
1712
1496
2186
2980
2456
2844
2826
1544
2540
57720652
55180760
22261006
927742
42015772
51137058
2339438
2287644
2401476
71605668
21349532
2518196
2468438
2567826
13827184
476442
16383676
40093400
532238
476696
526284
449122
454750
435860
28338212
27745224
12376350
3732948
6903066
9286368
14084110
81028192
15526160
11686210
3538930
7313392
4337608
12792396
2497126
9305482
64873860
2346650
10275158
10091380
7221664
13942234
2343888
3844484
93013994
69001424
14849884
7686376
14920280
8708486
765280
32364758
10880094
15101680
7147694
7199880
2392270
33423310
2388756
2332786
2418664
70378714
26627476
46892994
13905000
9056400
3221612
2427624
2232176
2613732
2413070
32992160
3794144
2658690
17162448
14282598
4658956
11515374
18350614
15380212
15461838
13992554
20754050
30269500
9014496
5171732
15735612
14289812
15641406
89297338
2690744
2830514
2474844
2237640
2673070
2446908
2465064
2696644
22257156
10308550
417022
452628
487086
467506
512944
17328934
3586750
539060
19396032
46236596
7592156
7337640
12447492
12761432
14801450
17335804
14964148
48128648
56760762
4783754
9529186
5672610
9836976
14936396
17439612
15516350
6903504
7535376
13614868
